# N	Time2Way(ms)	Time3Way(ms)	Comp2Way	Comp3Way	Th2Way	Th3Way
1000	0.083060	0.068960	8715	10746	9965.78	12575.42
5000	0.519740	0.431180	55197	68367	61438.56	77526.83
10000	1.098220	0.932380	120439	149341	132877.12	167672.26
25000	3.055780	2.456800	334063	415481	365241.01	460882.84
50000	6.578440	5.150260	718307	893937	780482.02	984858.66
100000	13.360060	10.735920	1536598	1910504	1660964.05	2095903.27
250000	35.327800	27.463700	4168600	5199547	4482892.14	5656780.07
500000	74.164400	58.359000	8836905	11038816	9465784.28	11944489.89
1000000	151.633980	116.315480	18673940	23286528	19931568.57	25150839.29
